# logA ns theta_MC_100 ombh2 omch2 tau A_planck calib_100T calib_217T A_cib_217 xi_sz_cib A_sz ksz_norm gal545_A_100 gal545_A_143 gal545_A_143_217 gal545_A_217 ps_A_100_100 ps_A_143_143 ps_A_143_217 ps_A_217_217 galf_TE_A_100 galf_TE_A_100_143 galf_TE_A_100_217 galf_TE_A_143 galf_TE_A_143_217 galf_TE_A_217
1.901430033737403727e-04 1.373552224665147893e-05 6.935025501652243064e-07 4.460333591106419182e-07 -4.630465514006071549e-06 9.055672289144472108e-05 9.259153648789438733e-06 4.410670914519900163e-07 -1.153657551766650267e-07 -2.246667232689070204e-03 9.047285806385787913e-05 5.645057211159075234e-04 -2.199727275813015935e-03 2.158941215290251551e-04 -8.215648043553166156e-04 -1.722866509389498445e-03 -1.051251678645878651e-03 -7.124308460604019538e-03 -3.703076872494043183e-03 1.870005375812543082e-03 5.969169600639596084e-03 4.783622029809626706e-06 4.689232347831016037e-06 -1.662541311019095723e-05 1.421466905407954509e-05 -3.899919016386223388e-06 -1.049251329977541562e-04
1.373552224665147893e-05 1.630733174791649281e-05 3.999356195863760903e-07 2.415127893698010346e-07 -3.207579637816198552e-06 1.047139061732702965e-05 7.305686087270998478e-07 -2.264534891247165339e-09 -4.823051987424620912e-08 -4.356883874339472981e-03 7.342157668410787040e-05 9.528590414228208134e-04 -2.118032751838207304e-03 3.357636223381592951e-04 -5.235348552859346105e-04 -6.626385102440937288e-04 1.026159800275968335e-03 -2.366057794867543543e-02 -7.025926204733298069e-03 9.818145714262339289e-04 4.445391484462902880e-03 9.583397006045638510e-07 2.478626362812022633e-07 2.748792004555396594e-06 -2.434387689658015915e-06 1.056263036568102018e-07 -2.960734965369403240e-05
6.935025501652243064e-07 3.999356195863760903e-07 9.140511532684683724e-08 1.523376937536394274e-08 -1.174746396044601139e-07 4.244477676116049755e-07 1.791874572523593700e-08 7.576719499555468711e-09 -2.777197646089992890e-09 -4.820323434592007592e-05 -6.772666111262350844e-07 1.654001688248614617e-05 -1.700939516195655374e-06 -7.975920520337781547e-06 -1.402162987741949772e-05 -9.524679697308841751e-06 1.663489445303032618e-05 -1.599649004399057587e-04 -1.361299407035523781e-04 -4.840853689826976109e-05 -1.978047519254370407e-06 1.302177199489055683e-07 9.628155810697306102e-08 -3.348274898836241467e-08 -1.704208489138271256e-07 -1.871368099138075708e-08 -2.060004140216290240e-07
4.460333591106419182e-07 2.415127893698010346e-07 1.523376937536394274e-08 1.998520331850880834e-08 -8.928111876682692940e-08 2.680863448366403689e-07 1.840309444590565176e-08 4.730515428707274723e-09 -1.228130518814170849e-09 -6.765825830341969116e-05 1.026852203147656276e-06 2.045705393623008968e-05 -3.903842784608455089e-05 -2.251444260862341153e-06 -1.528752307703393163e-05 -2.653648543675706371e-05 -1.237437466147421557e-05 -3.669735295209807045e-04 -2.136926999224140805e-04 -4.717222478743793280e-05 1.914022764244208708e-05 3.193061979424755880e-08 -5.726565426740885760e-08 7.501834362247010407e-08 -2.198614910198991269e-07 -8.746093421647114494e-07 -2.597629257226358179e-06
-4.630465514006071549e-06 -3.207579637816198552e-06 -1.174746396044601139e-07 -8.928111876682692940e-08 1.357505842142403327e-06 -3.613272493820965348e-06 -2.499536607944180930e-07 -2.460667120403966985e-08 4.465336155534024643e-09 3.196971268154939500e-04 -3.029762032398928913e-06 -9.953971273850898327e-05 1.095775369173255392e-04 2.788477765187766225e-05 9.494091796029479550e-05 1.052887312376733710e-04 -1.165930557189880799e-07 1.759138205675497184e-03 9.114043757692377647e-04 2.176361916442864604e-04 -1.154074003154046329e-04 -2.187662291542019231e-07 4.275852792772986352e-07 4.388766061768694194e-07 1.665512046562294404e-06 3.012777334345156529e-06 1.671157570233656808e-05
9.055672289144470752e-05 1.047139061732702796e-05 4.244477676116049755e-07 2.680863448366403689e-07 -3.613272493820965348e-06 5.071447176629446913e-05 -8.481237617698361493e-07 1.265207488258421525e-07 1.050980519428391090e-08 -1.229021933010351550e-03 2.235607671568845276e-05 1.987570783461562851e-04 -5.734399798290032218e-04 1.413383581515231357e-04 -2.301823459030270596e-04 -6.725753683582879000e-04 -9.056100389308710573e-04 -5.792789465214624213e-03 -3.691011523345200628e-03 -1.402644720071587843e-03 -4.711699343224528083e-04 7.466281386698710083e-07 8.411000529472315031e-07 -8.321991991567089794e-06 5.090221045863576335e-06 1.574113426951096548e-06 -7.833837413518579854e-05
9.259153648789438733e-06 7.305686087270998478e-07 1.791874572523593700e-08 1.840309444590565176e-08 -2.499536607944180930e-07 -8.481237617698361493e-07 5.795492465200761968e-06 3.127041053680384783e-08 -4.517168437037879569e-08 4.055911162263040937e-04 3.454590052405341525e-06 1.505517900506581303e-04 -2.612418147146419972e-04 7.550122843477208258e-05 2.213531325977144498e-06 -1.345658015162136869e-05 6.063776215294667399e-04 2.968768643479634695e-03 9.474776542524560941e-04 1.219934482288012687e-03 2.206507431220386135e-03 1.335585893341473009e-06 1.315195870578025843e-06 4.111594313621009181e-08 2.984810352964004449e-07 -3.967230394302459196e-06 1.026334409280711389e-05
4.410670914519900163e-07 -2.264534891247165339e-09 7.576719499555468711e-09 4.730515428707274723e-09 -2.460667120403966985e-08 1.265207488258421525e-07 3.127041053680384783e-08 3.715506254213018588e-07 -5.236512141921166020e-09 -2.949008346905201646e-04 7.698873552978035783e-06 1.185730667956226808e-04 -1.018737497242279904e-04 1.859216687082342371e-04 -1.711303789801104465e-04 -3.164750875051848284e-05 6.735455328907028675e-05 3.208727470931859675e-03 5.958027110678550136e-05 5.535348713550499117e-04 6.408566564017524831e-04 -5.578623410723125417e-07 2.219031645637199987e-07 -1.864326808257477191e-06 4.696191863431263809e-07 -5.251108264377910438e-07 -2.443966044703064752e-06
-1.153657551766650267e-07 -4.823051987424620912e-08 -2.777197646089992890e-09 -1.228130518814170849e-09 4.465336155534024643e-09 1.050980519428391090e-08 -4.517168437037879569e-08 -5.236512141921166020e-09 3.851167208456281532e-07 7.941084371238910870e-04 -1.882366684791071838e-06 -3.568452228309014116e-05 -1.974250055046468223e-05 -6.537492951030473739e-06 -3.451233647826643027e-05 4.085956507367197589e-04 8.908276204159777754e-04 7.969618429099828080e-04 1.690127094260018446e-04 -3.505879244470769631e-04 -1.429351265929951599e-03 -3.401638967857288395e-08 7.955506719477258075e-09 4.067108791791756645e-08 1.698371599477034037e-07 -7.450037435656925282e-07 1.205518850987126607e-06
-2.246667232689070204e-03 -4.356883874339472981e-03 -4.820323434592007592e-05 -6.765825830341969116e-05 3.196971268154939500e-04 -1.229021933010352200e-03 4.055911162263040937e-04 -2.949008346905201646e-04 7.941084371238910870e-04 4.355187958026229467e+01 -4.124702532655013520e-01 -1.152594700823911911e+00 1.427247476185873783e-02 1.206812961546609858e-01 1.734421894386708185e-01 -5.737555722100998956e+00 -3.218375089873686079e+01 3.473207682722950551e+01 1.538458451989866749e+00 -1.493041197170702361e+01 -5.522211217884490964e+01 3.024562333301412248e-03 3.402040697125929738e-03 -6.846615347946526098e-03 -6.216578764417851448e-03 -3.873482383243646160e-04 2.436938967773484566e-02
9.047285806385790624e-05 7.342157668410785685e-05 -6.772666111262354020e-07 1.026852203147656276e-06 -3.029762032398928066e-06 2.235607671568844599e-05 3.454590052405341525e-06 7.698873552978035783e-06 -1.882366684791071203e-06 -4.124702532655013520e-01 8.152283616784213038e-02 -3.089465541584654820e-02 4.586384235785576774e-02 3.942168910702443380e-03 6.960331005020299437e-03 1.282759102897229053e-01 1.861643642646642893e-01 -5.488510936354388248e-01 9.761301852313534200e-01 1.776890699474596103e+00 6.869845208185491048e-01 1.595363473217187203e-04 3.019075556660069017e-05 1.515040149136267621e-04 2.093888413160265176e-05 1.116640834046843602e-05 -1.793410367136597980e-04
5.645057211159075234e-04 9.528590414228208134e-04 1.654001688248614278e-05 2.045705393623008968e-05 -9.953971273850898327e-05 1.987570783461562851e-04 1.505517900506581303e-04 1.185730667956226808e-04 -3.568452228309014116e-05 -1.152594700823911911e+00 -3.089465541584654820e-02 3.762899305360300595e+00 -2.610489190920153302e+00 -9.967165861681444305e-02 1.321484102050670961e-01 2.584013730199592018e+00 3.359936261810103630e+00 -3.024271327246798435e+01 -3.335410768082242683e+00 7.455606135532341305e+00 5.706460650043083227e+00 5.119660349191721381e-04 8.717824782713404826e-04 -3.470538601968178004e-04 -4.286429222026296565e-04 1.861258054446565278e-03 -7.880839916351922237e-04
-2.199727275813015935e-03 -2.118032751838207304e-03 -1.700939516195654315e-06 -3.903842784608455089e-05 1.095775369173255392e-04 -5.734399798290032218e-04 -2.612418147146419972e-04 -1.018737497242279904e-04 -1.974250055046468223e-05 1.427247476185877079e-02 4.586384235785576080e-02 -2.610489190920153302e+00 5.785159210766689597e+00 7.325454716489501750e-03 -1.702169501832040965e-01 -1.971198616133235326e+00 -2.380088976687952051e+00 1.363461859694504064e+01 -5.121325639665617935e+00 -1.162075488685838742e+01 -9.605856864704476195e+00 -2.952860172305171726e-03 -1.639676672834915238e-03 3.174012128433795210e-03 1.953696769515970901e-03 -7.813436443759577688e-03 -7.198926896506830167e-03
2.158941215290250738e-04 3.357636223381593493e-04 -7.975920520337781547e-06 -2.251444260862341153e-06 2.788477765187766564e-05 1.413383581515231357e-04 7.550122843477208258e-05 1.859216687082342371e-04 -6.537492951030473739e-06 1.206812961546609858e-01 3.942168910702445982e-03 -9.967165861681444305e-02 7.325454716489488739e-03 3.392907422518539828e+00 5.835451134504150428e-01 2.249187191952111142e-01 1.183101589887846500e-01 -7.239745894664466164e+00 -4.420541424412823828e-01 -4.028574852624537961e-01 -3.385634640747028357e-01 -1.226116868504697598e-03 2.368890793190569393e-04 -3.382885096962763745e-03 -6.783874337802645515e-04 -4.881871185110317132e-03 -2.412659555049226356e-03
-8.215648043553166156e-04 -5.235348552859346105e-04 -1.402162987741949772e-05 -1.528752307703393163e-05 9.494091796029476840e-05 -2.301823459030270867e-04 2.213531325977144498e-06 -1.711303789801104465e-04 -3.451233647826642349e-05 1.734421894386707907e-01 6.960331005020298570e-03 1.321484102050670961e-01 -1.702169501832040965e-01 5.835451134504150428e-01 3.083255156330287239e+00 2.728809677158851255e+00 3.032387876213361810e+00 5.617006775848065736e+00 -9.291356127140141252e-01 -5.422221000690993220e-01 -6.185096221575395736e-01 2.150225321451848179e-03 -1.198188300344856395e-04 -8.645454627175957769e-04 1.326975892649231645e-03 3.012310903009193276e-03 5.453229526342108328e-03
-1.722866509389498445e-03 -6.626385102440937288e-04 -9.524679697308846834e-06 -2.653648543675706710e-05 1.052887312376733981e-04 -6.725753683582881169e-04 -1.345658015162140088e-05 -3.164750875051848962e-05 4.085956507367197047e-04 -5.737555722100998956e+00 1.282759102897229053e-01 2.584013730199591130e+00 -1.971198616133235548e+00 2.249187191952111420e-01 2.728809677158851255e+00 1.058364275196027293e+01 1.874859528033862333e+01 -1.179344087081089398e+01 3.949244593331509456e+00 5.454003253727861988e+00 5.833089625210281071e+00 2.312151465334923509e-03 7.823738239174687003e-04 7.130410708002936663e-04 6.955943272608737906e-04 2.784764526471515591e-03 -5.342923888141671608e-03
-1.051251678645878651e-03 1.026159800275968335e-03 1.663489445303032618e-05 -1.237437466147421557e-05 -1.165930557189880799e-07 -9.056100389308710573e-04 6.063776215294667399e-04 6.735455328907028675e-05 8.908276204159777754e-04 -3.218375089873686079e+01 1.861643642646642893e-01 3.359936261810103630e+00 -2.380088976687952051e+00 1.183101589887846222e-01 3.032387876213361810e+00 1.874859528033862333e+01 5.145535613277574782e+01 -2.191874901277496690e+01 4.913543486924689674e+00 9.921281991012273593e+00 3.368257397319973023e+01 1.462044470466252995e-03 1.032829938729149834e-03 7.098035611873750386e-03 8.772557989227261141e-03 2.340726995427969657e-03 -1.838677975892717004e-02
-7.124308460604020406e-03 -2.366057794867543543e-02 -1.599649004399057587e-04 -3.669735295209807045e-04 1.759138205675496967e-03 -5.792789465214624213e-03 2.968768643479634262e-03 3.208727470931859675e-03 7.969618429099828080e-04 3.473207682722950551e+01 -5.488510936354388248e-01 -3.024271327246798435e+01 1.363461859694504064e+01 -7.239745894664467052e+00 5.617006775848065736e+00 -1.179344087081089398e+01 -2.191874901277496690e+01 7.728553354537331188e+02 7.269808772615189696e+01 -5.135589730178356405e+01 -5.875927493689426484e+01 -8.972311977414215711e-03 5.830379859748276161e-03 -3.498282409189538977e-02 1.078060105464024969e-02 3.043201165504161657e-02 8.914766381752095570e-02
-3.703076872494043183e-03 -7.025926204733297202e-03 -1.361299407035523781e-04 -2.136926999224140805e-04 9.114043757692377647e-04 -3.691011523345200628e-03 9.474776542524560941e-04 5.958027110678550136e-05 1.690127094260018446e-04 1.538458451989866305e+00 9.761301852313534200e-01 -3.335410768082242683e+00 -5.121325639665617935e+00 -4.420541424412823828e-01 -9.291356127140141252e-01 3.949244593331509456e+00 4.913543486924689674e+00 7.269808772615189696e+01 6.381982221828152291e+01 4.264255850521119839e+01 1.614629308298285437e+01 3.474777323185136279e-03 2.498975893482572284e-03 -4.431073465720162738e-03 -1.005264901934610315e-02 1.831971028693785836e-02 4.372031864497134823e-02
1.870005375812543082e-03 9.818145714262339289e-04 -4.840853689826974077e-05 -4.717222478743793280e-05 2.176361916442864062e-04 -1.402644720071587843e-03 1.219934482288012687e-03 5.535348713550499117e-04 -3.505879244470769631e-04 -1.493041197170702361e+01 1.776890699474596103e+00 7.455606135532341305e+00 -1.162075488685838742e+01 -4.028574852624538516e-01 -5.422221000690993220e-01 5.454003253727861988e+00 9.921281991012273593e+00 -5.135589730178356405e+01 4.264255850521119839e+01 8.763167229608183106e+01 5.653436767471498570e+01 7.770081958611740197e-03 2.682648420364616530e-03 -7.547184808232832408e-03 -6.286502715711635159e-03 2.381705816180608101e-02 4.253979763823077104e-02
5.969169600639596084e-03 4.445391484462902880e-03 -1.978047519254370407e-06 1.914022764244208708e-05 -1.154074003154046329e-04 -4.711699343224528083e-04 2.206507431220386135e-03 6.408566564017524831e-04 -1.429351265929951599e-03 -5.522211217884490964e+01 6.869845208185492158e-01 5.706460650043083227e+00 -9.605856864704474418e+00 -3.385634640747028357e-01 -6.185096221575394626e-01 5.833089625210281959e+00 3.368257397319973023e+01 -5.875927493689426484e+01 1.614629308298285437e+01 5.653436767471498570e+01 1.065517950721969953e+02 1.441808687861501417e-03 -2.785591530040254331e-03 -2.834753787174960384e-03 -1.143370239826031753e-03 1.678099960217679584e-02 -2.014323881813596744e-04
4.783622029809626706e-06 9.583397006045640628e-07 1.302177199489055153e-07 3.193061979424757203e-08 -2.187662291542019760e-07 7.466281386698720671e-07 1.335585893341472798e-06 -5.578623410723124358e-07 -3.401638967857283763e-08 3.024562333301412682e-03 1.595363473217187745e-04 5.119660349191721381e-04 -2.952860172305171726e-03 -1.226116868504698466e-03 2.150225321451847745e-03 2.312151465334923509e-03 1.462044470466254079e-03 -8.972311977414215711e-03 3.474777323185136279e-03 7.770081958611741932e-03 1.441808687861500116e-03 1.416901861630374829e-03 2.810400121097484044e-04 1.015081789620991457e-04 -3.259727635811714391e-04 -2.297612198798190892e-05 -2.897156386119367221e-06
4.689232347831016037e-06 2.478626362812025280e-07 9.628155810697307425e-08 -5.726565426740885760e-08 4.275852792772986352e-07 8.411000529472307619e-07 1.315195870578025843e-06 2.219031645637199722e-07 7.955506719477281236e-09 3.402040697125929738e-03 3.019075556660071727e-05 8.717824782713406995e-04 -1.639676672834915238e-03 2.368890793190570477e-04 -1.198188300344854497e-04 7.823738239174682666e-04 1.032829938729149400e-03 5.830379859748273559e-03 2.498975893482572284e-03 2.682648420364616530e-03 -2.785591530040252162e-03 2.810400121097483502e-04 8.712426905589837388e-04 2.749450032996323206e-05 7.065029442875005346e-04 6.607434093800838002e-05 -5.776703417520293081e-04
-1.662541311019095723e-05 2.748792004555396594e-06 -3.348274898836244776e-08 7.501834362247010407e-08 4.388766061768692077e-07 -8.321991991567091488e-06 4.111594313621047563e-08 -1.864326808257477615e-06 4.067108791791769218e-08 -6.846615347946526098e-03 1.515040149136267892e-04 -3.470538601968182341e-04 3.174012128433795644e-03 -3.382885096962765046e-03 -8.645454627175961021e-04 7.130410708002934495e-04 7.098035611873749519e-03 -3.498282409189539671e-02 -4.431073465720163605e-03 -7.547184808232833275e-03 -2.834753787174960384e-03 1.015081789620991457e-04 2.749450032996323884e-05 6.999393618641224640e-03 -2.941787282647336486e-04 5.664088463245978752e-04 4.034092426806134245e-03
1.421466905407954509e-05 -2.434387689658015915e-06 -1.704208489138271256e-07 -2.198614910198991269e-07 1.665512046562294193e-06 5.090221045863574641e-06 2.984810352964005508e-07 4.696191863431263280e-07 1.698371599477031920e-07 -6.216578764417852315e-03 2.093888413160262466e-05 -4.286429222026294939e-04 1.953696769515970034e-03 -6.783874337802642263e-04 1.326975892649230994e-03 6.955943272608737906e-04 8.772557989227261141e-03 1.078060105464025836e-02 -1.005264901934610489e-02 -6.286502715711634291e-03 -1.143370239826032187e-03 -3.259727635811714391e-04 7.065029442875005346e-04 -2.941787282647335944e-04 2.794120329305912597e-03 5.224464570943477019e-04 -1.086747440563715170e-03
-3.899919016386225929e-06 1.056263036568100827e-07 -1.871368099138075708e-08 -8.746093421647114494e-07 3.012777334345156529e-06 1.574113426951098666e-06 -3.967230394302460043e-06 -5.251108264377910438e-07 -7.450037435656925282e-07 -3.873482383243648328e-04 1.116640834046836995e-05 1.861258054446565278e-03 -7.813436443759575953e-03 -4.881871185110317132e-03 3.012310903009193710e-03 2.784764526471515591e-03 2.340726995427970091e-03 3.043201165504163044e-02 1.831971028693785836e-02 2.381705816180608101e-02 1.678099960217679584e-02 -2.297612198798191569e-05 6.607434093800836647e-05 5.664088463245977667e-04 5.224464570943477019e-04 6.300163431606986379e-03 7.855547697546150232e-03
-1.049251329977541562e-04 -2.960734965369403240e-05 -2.060004140216289181e-07 -2.597629257226358179e-06 1.671157570233656808e-05 -7.833837413518578499e-05 1.026334409280711389e-05 -2.443966044703065599e-06 1.205518850987126183e-06 2.436938967773484566e-02 -1.793410367136599065e-04 -7.880839916351900553e-04 -7.198926896506829300e-03 -2.412659555049226356e-03 5.453229526342108328e-03 -5.342923888141669873e-03 -1.838677975892717004e-02 8.914766381752095570e-02 4.372031864497134823e-02 4.253979763823077104e-02 -2.014323881813575602e-04 -2.897156386119358751e-06 -5.776703417520293081e-04 4.034092426806134245e-03 -1.086747440563714954e-03 7.855547697546150232e-03 7.207522041560775194e-02
